\documentclass{article}
\usepackage[margin=1in,]{geometry} % Make margins 1 inch
\usepackage{array}
\newcolumntype{L}[1]{>{\raggedright\let\newline\\\arraybackslash\hspace{0pt}}m{#1}} % Uses array package


\usepackage{subcaption} % Include images

\usepackage{fancyhdr} % Headers and footers
\usepackage{amsmath} % gathered
\usepackage{amssymb} % mathbb
\usepackage{graphicx} % Include images
\graphicspath{{./figures/}} % Path to where images are stored
\usepackage{bm} % make vectors bold
%\usepackage{lscape}
\usepackage{pdflscape}
\usepackage{mathbbol} %lower case mathbb

\usepackage{multirow} % Multirow cell in table

\usepackage{float}

\begin{document}
The final solution should look like the image in figure 1.
\begin{figure}
\centering
\includegraphics[width=\linewidth]{solution}
\caption{ }
\end{figure}
Note that the displacement shown in the figure has been multiplied by 5 to make it more evident to the human eye.
Note that my ICA is 
$$\left[\begin{array}{c c c }
  1 & 2 & 3\\
  3 & 4 & 1\\
\end{array}\right]$$
$\bm{F}_1=$
$$\left[\begin{array}{c c c c c c }
  0. & -1666.66666667 & 0. & -1666.66666667 & 0. & -1666.66666667\\
\end{array}\right]^T$$
$\bm{F}_2=$
$$\left[\begin{array}{c c c c c c }
  0. & -1666.66666667 & 0. & -1666.66666667 & 0. & -1666.66666667\\
\end{array}\right]^T$$
$\bm{F}_{global}=$
$$\left[\begin{array}{c c c c c c c c }
  0. & -3333.33333333 & 0. & -1666.66666667 & 0. & -3333.33333333 & 0. & -1666.66666667\\
\end{array}\right]^T$$
$\bm{d}_{global}=$
$$\left[\begin{array}{c c c c c c c c }
  0. & 0. & 0. & 0. & -0.00067189 & -0.00402419 & 0.00086488 & -0.00424935\\
\end{array}\right]^T$$
\begin{landscape}
$\bm{K}_1 = $
$$
\left[\begin{array}{c c c c c c }
  3846153.84615385 & 0. & -3846153.84615385 & -1923076.92307692 & 0. & 1923076.92307692\\
  0. & 13461538.46153846 & -2884615.38461538 & -13461538.46153846 & 2884615.38461538 & 0.\\
  -3846153.84615385 & -2884615.38461538 & 7211538.46153846 & 4807692.30769231 & -3365384.61538462 & -1923076.92307692\\
  -1923076.92307692 & -13461538.46153846 & 4807692.30769231 & 14423076.92307692 & -2884615.38461538 & -961538.46153846\\
  0. & 2884615.38461538 & -3365384.61538462 & -2884615.38461538 & 3365384.61538462 & 0.\\
  1923076.92307692 & 0. & -1923076.92307692 & -961538.46153846 & 0. & 961538.46153846\\
\end{array}\right]
$$
$\bm{K}_2 = $
$$
\left[\begin{array}{c c c c c c }
  3846153.84615385 & 0. & -3846153.84615385 & -1923076.92307692 & 0. & 1923076.92307692\\
  0. & 13461538.46153846 & -2884615.38461538 & -13461538.46153846 & 2884615.38461538 & 0.\\
  -3846153.84615385 & -2884615.38461538 & 7211538.46153846 & 4807692.30769231 & -3365384.61538462 & -1923076.92307692\\
  -1923076.92307692 & -13461538.46153846 & 4807692.30769231 & 14423076.92307692 & -2884615.38461538 & -961538.46153846\\
  0. & 2884615.38461538 & -3365384.61538462 & -2884615.38461538 & 3365384.61538462 & 0.\\
  1923076.92307692 & 0. & -1923076.92307692 & -961538.46153846 & 0. & 961538.46153846\\
\end{array}\right]
$$
$\bm{K}_{global} = $
$$
\left[\begin{array}{c c c c c c c c }
  7211538& 0. & -3846153.84615385 & -1923076.92307692 & 0. & 4807692.30769231 & -3365384.61538462 & -2884615.38461538\\
  0. & 14423076& -2884615.38461538 & -13461538.46153846 & 4807692.30769231 & 0. & -1923076.92307692 & -961538.46153846\\
  -3846153& -2884615& 7211538.46153846 & 4807692.30769231 & -3365384.61538462 & -1923076.92307692 & 0. & 0.\\
  -1923076& -13461538& 4807692.30769231 & 14423076.92307692 & -2884615.38461538 & -961538.46153846 & 0. & 0.\\
  0. & 4807692 & -3365384.61538462 & -2884615.38461538 & 7211538.46153846 & 0. & -3846153.84615385 & -1923076.92307692\\
  4807692& 0. & -1923076.92307692 & -961538.46153846 & 0. & 14423076.92307692 & -2884615.38461538 & -13461538.46153846\\
  -3365384& -1923076 & 0. & 0. & -3846153.84615385 & -2884615.38461538 & 7211538.46153846 & 4807692.30769231\\
  -2884615 & -961538 & 0. & 0. & -1923076.92307692 & -13461538.46153846 & 4807692.30769231 & 14423076.92307692\\
\end{array}\right]
$$
\end{landscape}
\end{document}